{
 "cells": [
  {
   "cell_type": "markdown",
   "metadata": {},
   "source": [
    "# Импорты\n"
   ]
  },
  {
   "cell_type": "code",
   "execution_count": 477,
   "metadata": {},
   "outputs": [],
   "source": [
    "import numpy as np"
   ]
  },
  {
   "cell_type": "code",
   "execution_count": 478,
   "metadata": {},
   "outputs": [],
   "source": [
    "def calc_lambda(A: np.matrix, b: np.matrix) -> np.matrix:\n",
    "    return float((b.T @ A @ b) / (b.T @ b))"
   ]
  },
  {
   "cell_type": "code",
   "execution_count": 479,
   "metadata": {},
   "outputs": [],
   "source": [
    "def power_iteration(\n",
    "    A: np.matrix, x_k=None, max_iterations: int = 100000, tolerance: float = 1e-3\n",
    ") -> np.matrix:\n",
    "    # print(\"POWER:\\n\")\n",
    "    # Ideally choose a random vector\n",
    "    # To decrease the chance that our vector\n",
    "    # Is orthogonal to the eigenvector\n",
    "    if x_k is None:\n",
    "        x_k = np.random.rand(A.shape[1], 1)\n",
    "    # print(b_k)\n",
    "\n",
    "    lambda_prev = None\n",
    "    \n",
    "    iter = 1\n",
    "\n",
    "    for _ in range(max_iterations):\n",
    "        x_k1 = A @ x_k\n",
    "        x_k1 = x_k1 / np.linalg.norm(x_k1)\n",
    "\n",
    "        lambda_current = calc_lambda(A, x_k1)\n",
    "        # lambda_current = np.max(np.abs(x_k1[:-1]/x_k[:-1]))\n",
    "\n",
    "        if lambda_prev is not None and abs(lambda_current - lambda_prev) <= tolerance:\n",
    "            break\n",
    "\n",
    "        lambda_prev = lambda_current\n",
    "        x_k = x_k1\n",
    "        iter += 1\n",
    "\n",
    "    # print(\"\\n\", b_k)\n",
    "\n",
    "    return x_k1, lambda_current, iter"
   ]
  },
  {
   "cell_type": "code",
   "execution_count": 480,
   "metadata": {},
   "outputs": [],
   "source": [
    "def jacobi_rotation(A, max_iterations=100000, tolerance=1e-7):\n",
    "    n = A.shape[0]\n",
    "    # Инициализация матрицы собственных векторов\n",
    "    eigenvectors = np.eye(n)\n",
    "    iter = 0\n",
    "\n",
    "    for _ in range(max_iterations):\n",
    "        iter += 1\n",
    "        # Нахождение индексов максимального элемента вне главной диагонали\n",
    "        off_diagonal = A.copy()\n",
    "        np.fill_diagonal(off_diagonal, 0)\n",
    "        i, j = np.unravel_index(np.argmax(np.abs(off_diagonal)), off_diagonal.shape)\n",
    "\n",
    "        # Проверка на сходимость\n",
    "        # print(np.sum(np.square(off_diagonal)))\n",
    "        if np.sum(np.square(off_diagonal)) <= tolerance:\n",
    "            break\n",
    "\n",
    "        # Вычисление угла вращения\n",
    "        if A[j, j] == A[i, i]:\n",
    "            theta = np.pi / 4\n",
    "        else:\n",
    "            theta = 0.5 * np.arctan2(2 * A[i, j], A[i, i] - A[j, j])\n",
    "\n",
    "        # Формирование вращающей матрицы\n",
    "        c = np.cos(theta)\n",
    "        s = np.sin(theta)\n",
    "\n",
    "        J = np.eye(n)\n",
    "        J[i, i] = c\n",
    "        J[j, j] = c\n",
    "        J[i, j] = -s\n",
    "        J[j, i] = s\n",
    "\n",
    "        # Обновление матрицы A и матрицы собственных векторов\n",
    "        A = J.T @ A @ J\n",
    "        eigenvectors = eigenvectors @ J\n",
    "\n",
    "    eigenvalues = np.diagonal(A)\n",
    "    return eigenvalues, eigenvectors, iter"
   ]
  },
  {
   "cell_type": "markdown",
   "metadata": {},
   "source": [
    "$\\begin{gathered}\\lambda_{1}=7.1190267\\\\\\lambda_{2}=2.5683729\\\\\\lambda_{3}=1.3126004\\end{gathered}$\n"
   ]
  },
  {
   "cell_type": "code",
   "execution_count": 481,
   "metadata": {},
   "outputs": [
    {
     "data": {
      "text/plain": [
       "[array([[ 97625,  71810,   8970],\n",
       "        [ 71810,  60350,  36222],\n",
       "        [  8970,  36222, 126054]], dtype=int32),\n",
       " array([[105215, -22088,  -7939,   2044, -69306],\n",
       "        [-22088,  90731, -33769, -23374, -26027],\n",
       "        [ -7939, -33769, 133089, -26201, 143838],\n",
       "        [  2044, -23374, -26201,  77992, -38155],\n",
       "        [-69306, -26027, 143838, -38155, 192793]], dtype=int32),\n",
       " array([[ 133306,  -71431,  -90382,   11265,   53726,  -16696,   12419],\n",
       "        [ -71431,  211556,  -19470,  -34991, -105855,   66305,  -28484],\n",
       "        [ -90382,  -19470,  102894,   22128,   16074,   26419,  -30306],\n",
       "        [  11265,  -34991,   22128,  206699,   92889,   77768, -126574],\n",
       "        [  53726, -105855,   16074,   92889,  184814,  -14948,  -14635],\n",
       "        [ -16696,   66305,   26419,   77768,  -14948,  176146, -124937],\n",
       "        [  12419,  -28484,  -30306, -126574,  -14635, -124937,  181808]],\n",
       "       dtype=int32)]"
      ]
     },
     "execution_count": 481,
     "metadata": {},
     "output_type": "execute_result"
    }
   ],
   "source": [
    "def gen_matrix(size: int):\n",
    "    A = np.random.randint(-256,256,size=(size, size))\n",
    "    return A.T @ A\n",
    "\n",
    "A3 = gen_matrix(3)\n",
    "A5 = gen_matrix(5)\n",
    "A7 = gen_matrix(7)\n",
    "mass_A = [A3, A5, A7]\n",
    "\n",
    "mass_A"
   ]
  },
  {
   "cell_type": "code",
   "execution_count": 482,
   "metadata": {},
   "outputs": [
    {
     "name": "stdout",
     "output_type": "stream",
     "text": [
      "Матрица:\n",
      "[[ 97625  71810   8970]\n",
      " [ 71810  60350  36222]\n",
      " [  8970  36222 126054]]\n",
      "Точность:\n",
      "0.001\n",
      "\n",
      "Якоби:\n",
      "Собственные значения:\n",
      "[   332.40822554 110874.71019274 172821.88158173]\n",
      "Собственные векторы:\n",
      "[[-0.57176757 -0.55099578  0.60785319]\n",
      " [ 0.79830005 -0.20278104  0.56709513]\n",
      " [-0.18920592  0.80949583  0.55580358]]\n",
      "Количество итераций:\n",
      "8\n",
      "\n",
      "Прямые итерации:\n",
      "Собственное значение:\n",
      "172821.88097152088\n",
      "Собственный вектор:\n",
      "[[0.60779842]\n",
      " [0.56707497]\n",
      " [0.55588403]]\n",
      "Количество итераций:\n",
      "19\n",
      "Точность:\n",
      "1e-07\n",
      "\n",
      "Якоби:\n",
      "Собственные значения:\n",
      "[   332.40822554 110874.71019274 172821.88158173]\n",
      "Собственные векторы:\n",
      "[[-0.57176757 -0.55099586  0.60785311]\n",
      " [ 0.79830005 -0.20278112  0.5670951 ]\n",
      " [-0.18920592  0.80949576  0.55580369]]\n",
      "Количество итераций:\n",
      "9\n",
      "\n",
      "Прямые итерации:\n",
      "Собственное значение:\n",
      "172821.88125919795\n",
      "Собственный вектор:\n",
      "[[0.60781335]\n",
      " [0.56708047]\n",
      " [0.5558621 ]]\n",
      "Количество итераций:\n",
      "18\n",
      "\n",
      "\n",
      "Матрица:\n",
      "[[105215 -22088  -7939   2044 -69306]\n",
      " [-22088  90731 -33769 -23374 -26027]\n",
      " [ -7939 -33769 133089 -26201 143838]\n",
      " [  2044 -23374 -26201  77992 -38155]\n",
      " [-69306 -26027 143838 -38155 192793]]\n",
      "Точность:\n",
      "0.001\n",
      "\n",
      "Якоби:\n",
      "Собственные значения:\n",
      "[1.32624978e+05 3.75784574e+04 9.21427468e+04 7.65687971e+00\n",
      " 3.37466161e+05]\n",
      "Собственные векторы:\n",
      "[[-0.65782984 -0.2599458   0.53869518  0.39312466  0.23441115]\n",
      " [ 0.65472044 -0.63413784  0.38539102  0.07497854  0.12272867]\n",
      " [-0.28966766 -0.37625188  0.18156767 -0.63634374 -0.58019565]\n",
      " [-0.22041002 -0.6229051  -0.72408456  0.11599587  0.16017232]\n",
      " [ 0.07818649 -0.02685404 -0.06337188  0.64918627 -0.75346329]]\n",
      "Количество итераций:\n",
      "27\n",
      "\n",
      "Прямые итерации:\n",
      "Собственное значение:\n",
      "337466.16065087606\n",
      "Собственный вектор:\n",
      "[[-0.2344197 ]\n",
      " [-0.1227203 ]\n",
      " [ 0.5801919 ]\n",
      " [-0.16017502]\n",
      " [ 0.7534643 ]]\n",
      "Количество итераций:\n",
      "11\n",
      "Точность:\n",
      "1e-07\n",
      "\n",
      "Якоби:\n",
      "Собственные значения:\n",
      "[3.37466161e+05 1.32624978e+05 9.21427468e+04 7.65687971e+00\n",
      " 3.75784574e+04]\n",
      "Собственные векторы:\n",
      "[[-0.23441115 -0.65782987  0.53869518  0.39312466  0.25994572]\n",
      " [-0.12272866  0.65472036  0.38539102  0.07497854  0.63413792]\n",
      " [ 0.58019566 -0.2896677   0.18156767 -0.63634374  0.37625183]\n",
      " [-0.16017231 -0.22041009 -0.72408456  0.11599587  0.62290508]\n",
      " [ 0.75346329  0.07818649 -0.06337188  0.64918627  0.02685404]]\n",
      "Количество итераций:\n",
      "29\n",
      "\n",
      "Прямые итерации:\n",
      "Собственное значение:\n",
      "337466.1605124476\n",
      "Собственный вектор:\n",
      "[[-0.23439384]\n",
      " [-0.1227487 ]\n",
      " [ 0.58020345]\n",
      " [-0.16016374]\n",
      " [ 0.75346123]]\n",
      "Количество итераций:\n",
      "9\n",
      "\n",
      "\n",
      "Матрица:\n",
      "[[ 133306  -71431  -90382   11265   53726  -16696   12419]\n",
      " [ -71431  211556  -19470  -34991 -105855   66305  -28484]\n",
      " [ -90382  -19470  102894   22128   16074   26419  -30306]\n",
      " [  11265  -34991   22128  206699   92889   77768 -126574]\n",
      " [  53726 -105855   16074   92889  184814  -14948  -14635]\n",
      " [ -16696   66305   26419   77768  -14948  176146 -124937]\n",
      " [  12419  -28484  -30306 -126574  -14635 -124937  181808]]\n",
      "Точность:\n",
      "0.001\n",
      "\n",
      "Якоби:\n",
      "Собственные значения:\n",
      "[ 37663.94909961    643.000276    68234.08422959 384114.15364016\n",
      " 430516.94108877 186479.77934486  89571.09232101]\n",
      "Собственные векторы:\n",
      "[[-0.03708277 -0.63456708  0.10590821 -0.36119805 -0.03535197 -0.65045604\n",
      "  -0.17299156]\n",
      " [-0.11436498 -0.28230934  0.13418661  0.65147335  0.00983    -0.2292541\n",
      "   0.64198477]\n",
      " [-0.01539138 -0.67513082  0.15885685  0.06606232  0.15295811  0.68253224\n",
      "  -0.15847812]\n",
      " [ 0.46858857 -0.10632648 -0.5059813  -0.20262404  0.60034285 -0.01426005\n",
      "   0.33381276]\n",
      " [-0.24796032  0.14315453  0.55516151 -0.54423601  0.23059672  0.12281282\n",
      "   0.49534583]\n",
      " [ 0.41919782  0.16018598  0.58047158  0.29094081  0.47534374 -0.18166928\n",
      "  -0.34360505]\n",
      " [ 0.72699536 -0.06607828  0.21064964 -0.13732559 -0.57941295  0.10104044\n",
      "   0.24073073]]\n",
      "Количество итераций:\n",
      "58\n",
      "\n",
      "Прямые итерации:\n",
      "Собственное значение:\n",
      "430516.93729088973\n",
      "Собственный вектор:\n",
      "[[-0.03524864]\n",
      " [ 0.00964362]\n",
      " [ 0.1529392 ]\n",
      " [ 0.6004008 ]\n",
      " [ 0.23075241]\n",
      " [ 0.47526048]\n",
      " [-0.57937364]]\n",
      "Количество итераций:\n",
      "74\n",
      "Точность:\n",
      "1e-07\n",
      "\n",
      "Якоби:\n",
      "Собственные значения:\n",
      "[ 37663.94909961 430516.94108877 384114.15364016  89571.09232102\n",
      " 186479.77934486    643.000276    68234.08422959]\n",
      "Собственные векторы:\n",
      "[[-0.03708277 -0.03535197  0.36119805 -0.17299153 -0.65045604 -0.63456709\n",
      "  -0.10590826]\n",
      " [-0.11436498  0.00983    -0.65147335  0.64198481 -0.2292541  -0.28230934\n",
      "  -0.13418639]\n",
      " [-0.01539138  0.15295811 -0.06606232 -0.15847807  0.68253224 -0.67513081\n",
      "  -0.1588569 ]\n",
      " [ 0.46858857  0.60034285  0.20262405  0.33381259 -0.01426004 -0.10632649\n",
      "   0.50598142]\n",
      " [-0.24796032  0.23059672  0.54423601  0.49534601  0.12281282  0.14315454\n",
      "  -0.55516134]\n",
      " [ 0.41919782  0.47534374 -0.29094082 -0.34360485 -0.18166929  0.16018598\n",
      "  -0.5804717 ]\n",
      " [ 0.72699536 -0.57941295  0.13732559  0.2407308   0.10104044 -0.06607828\n",
      "  -0.21064956]]\n",
      "Количество итераций:\n",
      "62\n",
      "\n",
      "Прямые итерации:\n",
      "Собственное значение:\n",
      "430516.9379131572\n",
      "Собственный вектор:\n",
      "[[-0.03544646]\n",
      " [ 0.01000042]\n",
      " [ 0.15297539]\n",
      " [ 0.60028982]\n",
      " [ 0.23045434]\n",
      " [ 0.47541983]\n",
      " [-0.57944886]]\n",
      "Количество итераций:\n",
      "69\n",
      "\n",
      "\n"
     ]
    },
    {
     "name": "stderr",
     "output_type": "stream",
     "text": [
      "C:\\Users\\artem\\AppData\\Local\\Temp\\ipykernel_19416\\2408308288.py:2: DeprecationWarning: Conversion of an array with ndim > 0 to a scalar is deprecated, and will error in future. Ensure you extract a single element from your array before performing this operation. (Deprecated NumPy 1.25.)\n",
      "  return float((b.T @ A @ b) / (b.T @ b))\n"
     ]
    }
   ],
   "source": [
    "for A in mass_A:\n",
    "    print(\"Матрица:\")\n",
    "    print(A)\n",
    "    for eps in [1e-3, 1e-7]:\n",
    "        print(\"Точность:\")\n",
    "        print(eps)\n",
    "        print()\n",
    "        print(\"Якоби:\")\n",
    "        eigenvalues, eigenvectors, iters = jacobi_rotation(A, tolerance=eps)\n",
    "        print(\"Собственные значения:\")\n",
    "        print(eigenvalues)\n",
    "        print(\"Собственные векторы:\")\n",
    "        print(eigenvectors)\n",
    "        print(\"Количество итераций:\")\n",
    "        print(iters)\n",
    "        print()\n",
    "        \n",
    "        print(\"Прямые итерации:\")\n",
    "        eigenvectors, eigenvalues, iters = power_iteration(A)\n",
    "        print(\"Собственное значение:\")\n",
    "        print(eigenvalues)\n",
    "        print(\"Собственный вектор:\")\n",
    "        print(eigenvectors)\n",
    "        print(\"Количество итераций:\")\n",
    "        print(iters)\n",
    "    print()\n",
    "    print()\n",
    "         "
   ]
  },
  {
   "cell_type": "markdown",
   "metadata": {},
   "source": [
    "Как видим, прямые итерации работают быстрее (примерно в 2 раза), но при этом не получаем все СЗ.\n",
    "\n",
    "Так что нужно использовать эти методы в зависимости от того, что нам нужно"
   ]
  }
 ],
 "metadata": {
  "kernelspec": {
   "display_name": "Calc_math",
   "language": "python",
   "name": "python3"
  },
  "language_info": {
   "codemirror_mode": {
    "name": "ipython",
    "version": 3
   },
   "file_extension": ".py",
   "mimetype": "text/x-python",
   "name": "python",
   "nbconvert_exporter": "python",
   "pygments_lexer": "ipython3",
   "version": "3.10.2"
  }
 },
 "nbformat": 4,
 "nbformat_minor": 2
}
